500 600
1 74 5
1 78 5
1 545 7
2 78 5
2 74 5
2 545 7
3 78 5
3 74 5
3 545 7
4 78 5
4 74 5
4 545 7
5 78 5
5 74 5
5 545 7
6 78 5
6 74 5
6 545 7
7 78 5
7 74 5
7 545 7
8 78 5
8 74 5
8 545 7
9 78 5
9 74 5
9 545 7
10 78 5
10 74 5
10 545 7
11 78 5
11 74 5
11 545 7
12 78 5
12 74 5
12 545 7
13 78 5
13 74 5
13 545 7
14 78 5
14 74 5
14 545 7
15 78 5
15 74 5
15 545 7
16 78 5
16 74 5
16 545 7
17 78 5
17 74 5
17 545 7
18 78 5
18 74 5
18 545 7
19 78 5
19 74 5
19 545 7
20 78 5
20 74 5
20 545 7
21 78 5
21 74 5
21 545 7
22 78 5
22 74 5
22 545 7
23 78 5
23 74 5
23 545 7
24 78 5
24 74 5
24 545 7
25 78 5
25 74 5
25 545 7
26 78 5
26 74 5
26 545 7
27 78 5
27 74 5
27 545 7
28 78 5
28 74 5
28 545 7
29 78 5
29 74 5
29 545 7
30 78 5
30 74 5
30 545 7
31 78 5
31 74 5
31 545 7
32 78 5
32 74 5
32 545 7
33 78 5
33 74 5
33 545 7
34 78 5
34 74 5
34 545 7
35 78 5
35 74 5
35 545 7
36 78 5
36 74 5
36 545 7
37 78 5
37 74 5
37 545 7
38 78 5
38 74 5
38 545 7
39 78 5
39 74 5
39 545 7
40 78 5
40 74 5
40 545 7
41 78 5
41 74 5
41 545 7
42 78 5
42 74 5
42 545 7
43 78 5
43 74 5
43 545 7
44 78 5
44 74 5
44 545 7
45 78 5
45 74 5
45 545 7
46 78 5
46 74 5
46 545 7
47 78 5
47 74 5
47 545 7
48 78 5
48 74 5
48 545 7
49 78 5
49 74 5
49 545 7
50 78 5
50 74 5
50 545 7
51 78 5
51 74 5
51 545 7
52 78 5
52 74 5
52 545 7
53 78 5
53 74 5
53 545 7
54 78 5
54 74 5
54 545 7
55 78 5
55 74 5
55 545 7
56 78 5
56 74 5
56 545 7
57 78 5
57 74 5
57 545 7
58 78 5
58 74 5
58 545 7
59 78 5
59 74 5
59 545 7
60 78 5
60 74 5
60 545 7
61 78 5
61 74 5
61 545 7
62 78 5
62 74 5
62 545 7
63 78 5
63 74 5
63 545 7
64 78 5
64 74 5
64 545 7
65 78 5
65 74 5
65 545 7
66 78 5
66 74 5
66 545 7
67 78 5
67 74 5
67 545 7
68 78 5
68 74 5
68 545 7
69 78 5
69 74 5
69 545 7
70 78 5
70 74 5
70 545 7
71 78 5
71 74 5
71 545 7
72 78 5
72 74 5
72 545 7
73 78 5
73 74 5
73 545 7
74 78 5
74 74 5
74 545 7
75 78 5
75 74 5
75 545 7
76 78 5
76 74 5
76 545 7
77 78 5
77 74 5
77 545 7
78 78 5
78 74 5
78 545 7
79 78 5
79 74 5
79 545 7
80 78 5
80 74 5
80 545 7
81 78 5
81 74 5
81 545 7
82 78 5
82 74 5
82 545 7
83 78 5
83 74 5
83 545 7
84 78 5
84 74 5
84 545 7
85 78 5
85 74 5
85 545 7
86 78 5
86 74 5
86 545 7
87 78 5
87 74 5
87 545 7
88 78 5
88 74 5
88 545 7
89 78 5
89 74 5
89 545 7
90 78 5
90 74 5
90 545 7
91 78 5
91 74 5
91 545 7
92 78 5
92 74 5
92 545 7
93 78 5
93 74 5
93 545 7
94 78 5
94 74 5
94 545 7
95 78 5
95 74 5
95 545 7
96 78 5
96 74 5
96 545 7
97 78 5
97 74 5
97 545 7
98 78 5
98 74 5
98 545 7
99 78 5
99 74 5
99 545 7
100 78 5
100 74 5
100 545 7
101 78 5
101 74 5
101 545 7
102 78 5
102 74 5
102 545 7
103 78 5
103 74 5
103 545 7
104 78 5
104 74 5
104 545 7
105 78 5
105 74 5
105 545 7
106 78 5
106 74 5
106 545 7
107 78 5
107 74 5
107 545 7
108 78 5
108 74 5
108 545 7
109 78 5
109 74 5
109 545 7
110 78 5
110 74 5
110 545 7
111 78 5
111 74 5
111 545 7
112 78 5
112 74 5
112 545 7
113 78 5
113 74 5
113 545 7
114 78 5
114 74 5
114 545 7
115 78 5
115 74 5
115 545 7
116 78 5
116 74 5
116 545 7
117 78 5
117 74 5
117 545 7
118 78 5
118 74 5
118 545 7
119 78 5
119 74 5
119 545 7
120 78 5
120 74 5
120 545 7
121 78 5
121 74 5
121 545 7
122 78 5
122 74 5
122 545 7
123 78 5
123 74 5
123 545 7
124 78 5
124 74 5
124 545 7
125 78 5
125 74 5
125 545 7
126 78 5
126 74 5
126 545 7
127 78 5
127 74 5
127 545 7
128 78 5
128 74 5
128 545 7
129 78 5
129 74 5
129 545 7
130 78 5
130 74 5
130 545 7
131 78 5
131 74 5
131 545 7
132 78 5
132 74 5
132 545 7
133 78 5
133 74 5
133 545 7
134 78 5
134 74 5
134 545 7
135 78 5
135 74 5
135 545 7
136 78 5
136 74 5
136 545 7
137 78 5
137 74 5
137 545 7
138 78 5
138 74 5
138 545 7
139 78 5
139 74 5
139 545 7
140 78 5
140 74 5
140 545 7
141 78 5
141 74 5
141 545 7
142 78 5
142 74 5
142 545 7
143 78 5
143 74 5
143 545 7
144 78 5
144 74 5
144 545 7
145 78 5
145 74 5
145 545 7
146 78 5
146 74 5
146 545 7
147 78 5
147 74 5
147 545 7
148 78 5
148 74 5
148 545 7
149 78 5
149 74 5
149 545 7
150 78 5
150 74 5
150 545 7
151 78 5
151 74 5
151 545 7
152 78 5
152 74 5
152 545 7
153 78 5
153 74 5
153 545 7
154 78 5
154 74 5
154 545 7
155 78 5
155 74 5
155 545 7
156 78 5
156 74 5
156 545 7
157 78 5
157 74 5
157 545 7
158 78 5
158 74 5
158 545 7
159 78 5
159 74 5
159 545 7
160 78 5
160 74 5
160 545 7
161 78 5
161 74 5
161 545 7
162 78 5
162 74 5
162 545 7
163 78 5
163 74 5
163 545 7
164 78 5
164 74 5
164 545 7
165 78 5
165 74 5
165 545 7
166 78 5
166 74 5
166 545 7
167 78 5
167 74 5
167 545 7
168 78 5
168 74 5
168 545 7
169 78 5
169 74 5
169 545 7
170 78 5
170 74 5
170 545 7
171 78 5
171 74 5
171 545 7
172 78 5
172 74 5
172 545 7
173 78 5
173 74 5
173 545 7
174 78 5
174 74 5
174 545 7
175 78 5
175 74 5
175 545 7
176 78 5
176 74 5
176 545 7
177 78 5
177 74 5
177 545 7
178 78 5
178 74 5
178 545 7
179 78 5
179 74 5
179 545 7
180 78 5
180 74 5
180 545 7
181 78 5
181 74 5
181 545 7
182 78 5
182 74 5
182 545 7
183 78 5
183 74 5
183 545 7
184 78 5
184 74 5
184 545 7
185 78 5
185 74 5
185 545 7
186 78 5
186 74 5
186 545 7
187 78 5
187 74 5
187 545 7
188 78 5
188 74 5
188 545 7
189 78 5
189 74 5
189 545 7
190 78 5
190 74 5
190 545 7
191 78 5
191 74 5
191 545 7
192 78 5
192 74 5
192 545 7
193 78 5
193 74 5
193 545 7
194 78 5
194 74 5
194 545 7
195 78 5
195 74 5
195 545 7
196 78 5
196 74 5
196 545 7
197 78 5
197 74 5
197 545 7
198 78 5
198 74 5
198 545 7
199 78 5
199 74 5
199 545 7
200 78 5
200 74 5
200 545 7
201 78 5
201 74 5
201 545 7
202 78 5
202 74 5
202 545 7
203 78 5
203 74 5
203 545 7
204 78 5
204 74 5
204 545 7
205 78 5
205 74 5
205 545 7
206 78 5
206 74 5
206 545 7
207 78 5
207 74 5
207 545 7
208 78 5
208 74 5
208 545 7
209 78 5
209 74 5
209 545 7
210 78 5
210 74 5
210 545 7
211 78 5
211 74 5
211 545 7
212 78 5
212 74 5
212 545 7
213 78 5
213 74 5
213 545 7
214 78 5
214 74 5
214 545 7
215 78 5
215 74 5
215 545 7
216 78 5
216 74 5
216 545 7
217 78 5
217 74 5
217 545 7
218 78 5
218 74 5
218 545 7
219 78 5
219 74 5
219 545 7
220 78 5
220 74 5
220 545 7
221 78 5
221 74 5
221 545 7
222 78 5
222 74 5
222 545 7
223 78 5
223 74 5
223 545 7
224 78 5
224 74 5
224 545 7
225 78 5
225 74 5
225 545 7
226 78 5
226 74 5
226 545 7
227 78 5
227 74 5
227 545 7
228 78 5
228 74 5
228 545 7
229 78 5
229 74 5
229 545 7
230 78 5
230 74 5
230 545 7
231 78 5
231 74 5
231 545 7
232 78 5
232 74 5
232 545 7
233 78 5
233 74 5
233 545 7
234 78 5
234 74 5
234 545 7
235 78 5
235 74 5
235 545 7
236 78 5
236 74 5
236 545 7
237 78 5
237 74 5
237 545 7
238 78 5
238 74 5
238 545 7
239 78 5
239 74 5
239 545 7
240 78 5
240 74 5
240 545 7
241 78 5
241 74 5
241 545 7
242 78 5
242 74 5
242 545 7
243 78 5
243 74 5
243 545 7
244 78 5
244 74 5
244 545 7
245 78 5
245 74 5
245 545 7
246 78 5
246 74 5
246 545 7
247 78 5
247 74 5
247 545 7
248 78 5
248 74 5
248 545 7
249 78 5
249 74 5
249 545 7
250 78 5
250 74 5
250 545 7
251 78 5
251 74 5
251 545 7
252 78 5
252 74 5
252 545 7
253 78 5
253 74 5
253 545 7
254 78 5
254 74 5
254 545 7
255 78 5
255 74 5
255 545 7
256 78 5
256 74 5
256 545 7
257 78 5
257 74 5
257 545 7
258 78 5
258 74 5
258 545 7
259 78 5
259 74 5
259 545 7
260 78 5
260 74 5
260 545 7
261 78 5
261 74 5
261 545 7
262 78 5
262 74 5
262 545 7
263 78 5
263 74 5
263 545 7
264 78 5
264 74 5
264 545 7
265 78 5
265 74 5
265 545 7
266 78 5
266 74 5
266 545 7
267 78 5
267 74 5
267 545 7
268 78 5
268 74 5
268 545 7
269 78 5
269 74 5
269 545 7
270 78 5
270 74 5
270 545 7
271 78 5
271 74 5
271 545 7
272 78 5
272 74 5
272 545 7
273 78 5
273 74 5
273 545 7
274 78 5
274 74 5
274 545 7
275 78 5
275 74 5
275 545 7
276 78 5
276 74 5
276 545 7
277 78 5
277 74 5
277 545 7
278 78 5
278 74 5
278 545 7
279 78 5
279 74 5
279 545 7
280 78 5
280 74 5
280 545 7
281 78 5
281 74 5
281 545 7
282 78 5
282 74 5
282 545 7
283 78 5
283 74 5
283 545 7
284 78 5
284 74 5
284 545 7
285 78 5
285 74 5
285 545 7
286 78 5
286 74 5
286 545 7
287 78 5
287 74 5
287 545 7
288 78 5
288 74 5
288 545 7
289 78 5
289 74 5
289 545 7
290 78 5
290 74 5
290 545 7
291 78 5
291 74 5
291 545 7
292 78 5
292 74 5
292 545 7
293 78 5
293 74 5
293 545 7
294 78 5
294 74 5
294 545 7
295 78 5
295 74 5
295 545 7
296 78 5
296 74 5
296 545 7
297 78 5
297 74 5
297 545 7
298 78 5
298 74 5
298 545 7
299 78 5
299 74 5
299 545 7
300 78 5
300 74 5
300 545 7
301 78 5
301 74 5
301 545 7
302 78 5
302 74 5
302 545 7
303 78 5
303 74 5
303 545 7
304 78 5
304 74 5
304 545 7
305 78 5
305 74 5
305 545 7
306 78 5
306 74 5
306 545 7
307 78 5
307 74 5
307 545 7
308 78 5
308 74 5
308 545 7
309 78 5
309 74 5
309 545 7
310 78 5
310 74 5
310 545 7
311 78 5
311 74 5
311 545 7
312 78 5
312 74 5
312 545 7
313 78 5
313 74 5
313 545 7
314 78 5
314 74 5
314 545 7
315 78 5
315 74 5
315 545 7
316 78 5
316 74 5
316 545 7
317 78 5
317 74 5
317 545 7
318 78 5
318 74 5
318 545 7
319 78 5
319 74 5
319 545 7
320 78 5
320 74 5
320 545 7
321 78 5
321 74 5
321 545 7
322 78 5
322 74 5
322 545 7
323 78 5
323 74 5
323 545 7
324 78 5
324 74 5
324 545 7
325 78 5
325 74 5
325 545 7
326 78 5
326 74 5
326 545 7
327 78 5
327 74 5
327 545 7
328 78 5
328 74 5
328 545 7
329 78 5
329 74 5
329 545 7
330 78 5
330 74 5
330 545 7
331 78 5
331 74 5
331 545 7
332 78 5
332 74 5
332 545 7
333 78 5
333 74 5
333 545 7
334 78 5
334 74 5
334 545 7
335 78 5
335 74 5
335 545 7
336 78 5
336 74 5
336 545 7
337 78 5
337 74 5
337 545 7
338 78 5
338 74 5
338 545 7
339 78 5
339 74 5
339 545 7
340 78 5
340 74 5
340 545 7
341 78 5
341 74 5
341 545 7
342 78 5
342 74 5
342 545 7
343 78 5
343 74 5
343 545 7
344 78 5
344 74 5
344 545 7
345 78 5
345 74 5
345 545 7
346 78 5
346 74 5
346 545 7
347 78 5
347 74 5
347 545 7
348 78 5
348 74 5
348 545 7
349 78 5
349 74 5
349 545 7
350 78 5
350 74 5
350 545 7
351 78 5
351 74 5
351 545 7
352 78 5
352 74 5
352 545 7
353 78 5
353 74 5
353 545 7
354 78 5
354 74 5
354 545 7
355 78 5
355 74 5
355 545 7
356 78 5
356 74 5
356 545 7
357 78 5
357 74 5
357 545 7
358 78 5
358 74 5
358 545 7
359 78 5
359 74 5
359 545 7
360 78 5
360 74 5
360 545 7
361 78 5
361 74 5
361 545 7
362 78 5
362 74 5
362 545 7
363 78 5
363 74 5
363 545 7
364 78 5
364 74 5
364 545 7
365 78 5
365 74 5
365 545 7
366 78 5
366 74 5
366 545 7
367 78 5
367 74 5
367 545 7
368 78 5
368 74 5
368 545 7
369 78 5
369 74 5
369 545 7
370 78 5
370 74 5
370 545 7
371 78 5
371 74 5
371 545 7
372 78 5
372 74 5
372 545 7
373 78 5
373 74 5
373 545 7
374 78 5
374 74 5
374 545 7
375 78 5
375 74 5
375 545 7
376 78 5
376 74 5
376 545 7
377 78 5
377 74 5
377 545 7
378 78 5
378 74 5
378 545 7
379 78 5
379 74 5
379 545 7
380 78 5
380 74 5
380 545 7
381 78 5
381 74 5
381 545 7
382 78 5
382 74 5
382 545 7
383 78 5
383 74 5
383 545 7
384 78 5
384 74 5
384 545 7
385 78 5
385 74 5
385 545 7
386 78 5
386 74 5
386 545 7
387 78 5
387 74 5
387 545 7
388 78 5
388 74 5
388 545 7
389 78 5
389 74 5
389 545 7
390 78 5
390 74 5
390 545 7
391 78 5
391 74 5
391 545 7
392 78 5
392 74 5
392 545 7
393 78 5
393 74 5
393 545 7
394 78 5
394 74 5
394 545 7
395 78 5
395 74 5
395 545 7
396 78 5
396 74 5
396 545 7
397 78 5
397 74 5
397 545 7
398 78 5
398 74 5
398 545 7
399 78 5
399 74 5
399 545 7
400 78 5
400 74 5
400 545 7
401 78 5
401 74 5
401 545 7
402 78 5
402 74 5
402 545 7
403 78 5
403 74 5
403 545 7
404 78 5
404 74 5
404 545 7
405 78 5
405 74 5
405 545 7
406 78 5
406 74 5
406 545 7
407 78 5
407 74 5
407 545 7
408 78 5
408 74 5
408 545 7
409 78 5
409 74 5
409 545 7
410 78 5
410 74 5
410 545 7
411 78 5
411 74 5
411 545 7
412 78 5
412 74 5
412 545 7
413 78 5
413 74 5
413 545 7
414 78 5
414 74 5
414 545 7
415 78 5
415 74 5
415 545 7
416 78 5
416 74 5
416 545 7
417 78 5
417 74 5
417 545 7
418 78 5
418 74 5
418 545 7
419 78 5
419 74 5
419 545 7
420 78 5
420 74 5
420 545 7
421 78 5
421 74 5
421 545 7
422 78 5
422 74 5
422 545 7
423 78 5
423 74 5
423 545 7
424 78 5
424 74 5
424 545 7
425 78 5
425 74 5
425 545 7
426 78 5
426 74 5
426 545 7
427 78 5
427 74 5
427 545 7
428 78 5
428 74 5
428 545 7
429 78 5
429 74 5
429 545 7
430 78 5
430 74 5
430 545 7
431 78 5
431 74 5
431 545 7
432 78 5
432 74 5
432 545 7
433 78 5
433 74 5
433 545 7
434 78 5
434 74 5
434 545 7
435 78 5
435 74 5
435 545 7
436 78 5
436 74 5
436 545 7
437 78 5
437 74 5
437 545 7
438 78 5
438 74 5
438 545 7
439 78 5
439 74 5
439 545 7
440 78 5
440 74 5
440 545 7
441 78 5
441 74 5
441 545 7
442 78 5
442 74 5
442 545 7
443 78 5
443 74 5
443 545 7
444 78 5
444 74 5
444 545 7
445 78 5
445 74 5
445 545 7
446 78 5
446 74 5
446 545 7
447 78 5
447 74 5
447 545 7
448 78 5
448 74 5
448 545 7
449 78 5
449 74 5
449 545 7
450 78 5
450 74 5
450 545 7
451 78 5
451 74 5
451 545 7
452 78 5
452 74 5
452 545 7
453 78 5
453 74 5
453 545 7
454 78 5
454 74 5
454 545 7
455 78 5
455 74 5
455 545 7
456 78 5
456 74 5
456 545 7
457 78 5
457 74 5
457 545 7
458 78 5
458 74 5
458 545 7
459 78 5
459 74 5
459 545 7
460 78 5
460 74 5
460 545 7
461 78 5
461 74 5
461 545 7
462 78 5
462 74 5
462 545 7
463 78 5
463 74 5
463 545 7
464 78 5
464 74 5
464 545 7
465 78 5
465 74 5
465 545 7
466 78 5
466 74 5
466 545 7
467 78 5
467 74 5
467 545 7
468 78 5
468 74 5
468 545 7
469 78 5
469 74 5
469 545 7
470 78 5
470 74 5
470 545 7
471 78 5
471 74 5
471 545 7
472 78 5
472 74 5
472 545 7
473 78 5
473 74 5
473 545 7
474 78 5
474 74 5
474 545 7
475 78 5
475 74 5
475 545 7
476 78 5
476 74 5
476 545 7
477 78 5
477 74 5
477 545 7
478 78 5
478 74 5
478 545 7
479 78 5
479 74 5
479 545 7
480 78 5
480 74 5
480 545 7
481 78 5
481 74 5
481 545 7
482 78 5
482 74 5
482 545 7
483 78 5
483 74 5
483 545 7
484 78 5
484 74 5
484 545 7
485 78 5
485 74 5
485 545 7
486 78 5
486 74 5
486 545 7
487 78 5
487 74 5
487 545 7
488 78 5
488 74 5
488 545 7
489 78 5
489 74 5
489 545 7
490 78 5
490 74 5
490 545 7
491 78 5
491 74 5
491 545 7
492 78 5
492 74 5
492 545 7
493 78 5
493 74 5
493 545 7
494 78 5
494 74 5
494 545 7
495 78 5
495 74 5
495 545 7
496 78 5
496 74 5
496 545 7
497 78 5
497 74 5
497 545 7
498 78 5
498 74 5
498 545 7
499 78 5
499 74 5
499 545 7
500 78 5
500 74 5
500 545 7
