400 500
1 1 22,45
2 1 22,45
3 1 22,45
4 1 22,45
5 1 22,45
6 1 22,45
7 1 22,45
8 1 22,45
9 1 22,45
10 1 22,45
11 1 22,45
12 1 22,45
13 1 22,45
14 1 22,45
15 1 22,45
16 1 22,45
17 1 22,45
18 1 22,45
19 1 22,45
20 1 22,45
21 1 22,45
22 1 22,45
23 1 22,45
24 1 22,45
25 1 22,45
26 1 22,45
27 1 22,45
28 1 22,45
29 1 22,45
30 1 22,45
31 1 22,45
32 1 22,45
33 1 22,45
34 1 22,45
35 1 22,45
36 1 22,45
37 1 22,45
38 1 22,45
39 1 22,45
40 1 22,45
41 1 22,45
42 1 22,45
43 1 22,45
44 1 22,45
45 1 22,45
46 1 22,45
47 1 22,45
48 1 22,45
49 1 22,45
50 1 22,45
51 1 22,45
52 1 22,45
53 1 22,45
54 1 22,45
55 1 22,45
56 1 22,45
57 1 22,45
58 1 22,45
59 1 22,45
60 1 22,45
61 1 22,45
62 1 22,45
63 1 22,45
64 1 22,45
65 1 22,45
66 1 22,45
67 1 22,45
68 1 22,45
69 1 22,45
70 1 22,45
71 1 22,45
72 1 22,45
73 1 22,45
74 1 22,45
75 1 22,45
76 1 22,45
77 1 22,45
78 1 22,45
79 1 22,45
80 1 22,45
81 1 22,45
82 1 22,45
83 1 22,45
84 1 22,45
85 1 22,45
86 1 22,45
87 1 22,45
88 1 22,45
89 1 22,45
90 1 22,45
91 1 22,45
92 1 22,45
93 1 22,45
94 1 22,45
95 1 22,45
96 1 22,45
97 1 22,45
98 1 22,45
99 1 22,45
100 1 22,45
101 1 22,45
102 1 22,45
103 1 22,45
104 1 22,45
105 1 22,45
106 1 22,45
107 1 22,45
108 1 22,45
109 1 22,45
110 1 22,45
111 1 22,45
112 1 22,45
113 1 22,45
114 1 22,45
115 1 22,45
116 1 22,45
117 1 22,45
118 1 22,45
119 1 22,45
120 1 22,45
121 1 22,45
122 1 22,45
123 1 22,45
124 1 22,45
125 1 22,45
126 1 22,45
127 1 22,45
128 1 22,45
129 1 22,45
130 1 22,45
131 1 22,45
132 1 22,45
133 1 22,45
134 1 22,45
135 1 22,45
136 1 22,45
137 1 22,45
138 1 22,45
139 1 22,45
140 1 22,45
141 1 22,45
142 1 22,45
143 1 22,45
144 1 22,45
145 1 22,45
146 1 22,45
147 1 22,45
148 1 22,45
149 1 22,45
150 1 22,45
151 1 22,45
152 1 22,45
153 1 22,45
154 1 22,45
155 1 22,45
156 1 22,45
157 1 22,45
158 1 22,45
159 1 22,45
160 1 22,45
161 1 22,45
162 1 22,45
163 1 22,45
164 1 22,45
165 1 22,45
166 1 22,45
167 1 22,45
168 1 22,45
169 1 22,45
170 1 22,45
171 1 22,45
172 1 22,45
173 1 22,45
174 1 22,45
175 1 22,45
176 1 22,45
177 1 22,45
178 1 22,45
179 1 22,45
180 1 22,45
181 1 22,45
182 1 22,45
183 1 22,45
184 1 22,45
185 1 22,45
186 1 22,45
187 1 22,45
188 1 22,45
189 1 22,45
190 1 22,45
191 1 22,45
192 1 22,45
193 1 22,45
194 1 22,45
195 1 22,45
196 1 22,45
197 1 22,45
198 1 22,45
199 1 22,45
200 1 22,45
201 1 22,45
202 1 22,45
203 1 22,45
204 1 22,45
205 1 22,45
206 1 22,45
207 1 22,45
208 1 22,45
209 1 22,45
210 1 22,45
211 1 22,45
212 1 22,45
213 1 22,45
214 1 22,45
215 1 22,45
216 1 22,45
217 1 22,45
218 1 22,45
219 1 22,45
220 1 22,45
221 1 22,45
222 1 22,45
223 1 22,45
224 1 22,45
225 1 22,45
226 1 22,45
227 1 22,45
228 1 22,45
229 1 22,45
230 1 22,45
231 1 22,45
232 1 22,45
233 1 22,45
234 1 22,45
235 1 22,45
236 1 22,45
237 1 22,45
238 1 22,45
239 1 22,45
240 1 22,45
241 1 22,45
242 1 22,45
243 1 22,45
244 1 22,45
245 1 22,45
246 1 22,45
247 1 22,45
248 1 22,45
249 1 22,45
250 1 22,45
251 1 22,45
252 1 22,45
253 1 22,45
254 1 22,45
255 1 22,45
256 1 22,45
257 1 22,45
258 1 22,45
259 1 22,45
260 1 22,45
261 1 22,45
262 1 22,45
263 1 22,45
264 1 22,45
265 1 22,45
266 1 22,45
267 1 22,45
268 1 22,45
269 1 22,45
270 1 22,45
271 1 22,45
272 1 22,45
273 1 22,45
274 1 22,45
275 1 22,45
276 1 22,45
277 1 22,45
278 1 22,45
279 1 22,45
280 1 22,45
281 1 22,45
282 1 22,45
283 1 22,45
284 1 22,45
285 1 22,45
286 1 22,45
287 1 22,45
288 1 22,45
289 1 22,45
290 1 22,45
291 1 22,45
292 1 22,45
293 1 22,45
294 1 22,45
295 1 22,45
296 1 22,45
297 1 22,45
298 1 22,45
299 1 22,45
300 1 22,45
301 1 22,45
302 1 22,45
303 1 22,45
304 1 22,45
305 1 22,45
306 1 22,45
307 1 22,45
308 1 22,45
309 1 22,45
310 1 22,45
311 1 22,45
312 1 22,45
313 1 22,45
314 1 22,45
315 1 22,45
316 1 22,45
317 1 22,45
318 1 22,45
319 1 22,45
320 1 22,45
321 1 22,45
322 1 22,45
323 1 22,45
324 1 22,45
325 1 22,45
326 1 22,45
327 1 22,45
328 1 22,45
329 1 22,45
330 1 22,45
331 1 22,45
332 1 22,45
333 1 22,45
334 1 22,45
335 1 22,45
336 1 22,45
337 1 22,45
338 1 22,45
339 1 22,45
340 1 22,45
341 1 22,45
342 1 22,45
343 1 22,45
344 1 22,45
345 1 22,45
346 1 22,45
347 1 22,45
348 1 22,45
349 1 22,45
350 1 22,45
351 1 22,45
352 1 22,45
353 1 22,45
354 1 22,45
355 1 22,45
356 1 22,45
357 1 22,45
358 1 22,45
359 1 22,45
360 1 22,45
361 1 22,45
362 1 22,45
363 1 22,45
364 1 22,45
365 1 22,45
366 1 22,45
367 1 22,45
368 1 22,45
369 1 22,45
370 1 22,45
371 1 22,45
372 1 22,45
373 1 22,45
374 1 22,45
375 1 22,45
376 1 22,45
377 1 22,45
378 1 22,45
379 1 22,45
380 1 22,45
381 1 22,45
382 1 22,45
383 1 22,45
384 1 22,45
385 1 22,45
386 1 22,45
387 1 22,45
388 1 22,45
389 1 22,45
390 1 22,45
391 1 22,45
392 1 22,45
393 1 22,45
394 1 22,45
395 1 22,45
396 1 22,45
397 1 22,45
398 1 22,45
399 1 22,45
400 1 22,45
